0.016893625259399414
0.03371572494506836
0.050882577896118164
0.06837129592895508
0.08544921875
0.10268735885620117
0.1197202205657959
0.13652944564819336
0.1533346176147461
0.17007970809936523
0.18681621551513672
0.20360994338989258
0.22032856941223145
0.23736119270324707
0.25442075729370117
0.27129435539245605
0.2879638671875
0.3045632839202881
0.3211662769317627
0.3377997875213623
0.35439467430114746
0.370988130569458
0.38758254051208496
0.4041743278503418
0.42076730728149414
0.4373600482940674
0.45395469665527344
0.47054624557495117
0.4871864318847656
0.5040628910064697
0.5208964347839355
0.5375068187713623
0.5540955066680908
0.5706813335418701
0.5872626304626465
0.6038520336151123
0.6204493045806885
0.6370449066162109
0.6536409854888916
0.6702377796173096
0.6868290901184082
0.7034211158752441
0.7200984954833984
0.7370975017547607
0.7537667751312256
0.7703685760498047
0.7869620323181152
0.8035576343536377
0.8201498985290527
0.8367400169372559
0.8536865711212158
0.8704707622528076
0.8870766162872314
0.9036755561828613
0.9202747344970703
0.9369020462036133
0.9536192417144775
0.9705049991607666
0.9873805046081543
1.0043091773986816
1.021289348602295
1.038184404373169
1.0552945137023926
1.0723426342010498
1.089226484298706
1.1061034202575684
1.1229958534240723
1.1398725509643555
1.1567916870117188
1.1736664772033691
1.1905505657196045
1.207474946975708
1.224513053894043
1.2418804168701172
1.2589373588562012
1.275757074356079
1.2925286293029785
1.3092939853668213
1.3260650634765625
1.3428235054016113
1.3596816062927246
1.3766140937805176
1.3934695720672607
1.410330057144165
1.4272079467773438
1.4441146850585938
1.4616374969482422
1.4786126613616943
1.495466947555542
1.5122673511505127
1.5290741920471191
1.5458989143371582
1.5627028942108154
1.5795142650604248
1.596327304840088
1.6135320663452148
1.6306650638580322
1.6476993560791016
1.6646654605865479
1.6814515590667725
1.6982526779174805
1.7151529788970947
1.7323429584503174
1.749518871307373
1.7663886547088623
1.7831690311431885
1.7999200820922852
1.8166649341583252
1.833406925201416
1.8501906394958496
1.867051124572754
1.8839337825775146
1.9008166790008545
1.9177017211914062
1.9345910549163818
1.951462745666504
1.9683797359466553
1.9852955341339111
2.0021986961364746
2.01908278465271
2.0359578132629395
2.0529463291168213
2.0725042819976807
2.0893471240997314
2.1061577796936035
2.1229686737060547
2.1398003101348877
2.1566128730773926
2.1734607219696045
2.1902754306793213
2.2070820331573486
2.2239840030670166
2.241304397583008
2.258641242980957
2.2757632732391357
2.2928922176361084
2.309861660003662
2.3269314765930176
2.3439035415649414
2.361029624938965
2.3780295848846436
2.394918441772461
2.411965847015381
2.4294207096099854
2.4467368125915527
2.464459180831909
2.481509208679199
2.4982337951660156
2.5148870944976807
2.5315098762512207
2.548138380050659
2.564744234085083
2.5813441276550293
2.5979363918304443
2.614624261856079
2.6313414573669434
2.6480743885040283
2.664989471435547
2.681680679321289
2.69830060005188
2.714890480041504
2.7318644523620605
2.7486660480499268
2.7653582096099854
2.7819507122039795
2.798534870147705
2.8151702880859375
2.831754684448242
2.8483407497406006
2.8649344444274902
2.8815267086029053
2.8981196880340576
2.9147098064422607
2.931321620941162
2.947916030883789
2.964505434036255
2.9810962677001953
2.997688055038452
3.0142838954925537
3.0308806896209717
3.0474748611450195
3.064067840576172
3.0806610584259033
3.097249984741211
3.113842010498047
3.1304421424865723
3.147030830383301
3.1637349128723145
3.1806089878082275
3.1975269317626953
3.214491128921509
3.2316784858703613
3.249236822128296
3.266650676727295
3.2835960388183594
3.3003644943237305
3.317044734954834
3.3337152004241943
3.3504438400268555
3.367141008377075
3.3840835094451904
3.4009766578674316
3.4180076122283936
3.435091972351074
3.452057123184204
3.468947410583496
3.4859232902526855
3.5027360916137695
3.519556760787964
3.5363848209381104
3.553199291229248
3.5700533390045166
3.587043523788452
3.6039133071899414
3.62080454826355
3.637784481048584
3.6546716690063477
3.6715595722198486
3.6884782314300537
3.705355405807495
3.7223799228668213
3.739898920059204
3.757107973098755
3.7740187644958496
3.790987968444824
3.8077902793884277
3.8246071338653564
3.841426134109497
3.858612060546875
3.875854730606079
3.8927323818206787
3.909575939178467
3.92647123336792
3.9433116912841797
3.9601669311523438
3.976982355117798
3.9939818382263184
4.010913610458374
4.027812719345093
4.044694185256958
4.061583995819092
4.0784711837768555
4.095386981964111
4.112272500991821
4.129162549972534
4.146080255508423
4.163012981414795
4.179900407791138
4.196814775466919
4.213696002960205
4.2325522899627686
4.250275135040283
4.267271041870117
4.284279108047485
4.301032781600952
4.317801475524902
4.334554433822632
4.3514084815979
4.368369102478027
4.3854217529296875
4.40245795249939
4.419292449951172
4.436121940612793
4.453190565109253
4.47053074836731
4.487626075744629
4.504526615142822
4.521363735198975
4.538002014160156
4.554617881774902
4.5712056159973145
4.587823152542114
4.604406118392944
4.621022462844849
4.6376752853393555
4.654277563095093
4.670941591262817
4.687674522399902
4.704278945922852
4.720999479293823
4.7381672859191895
4.754861354827881
4.771510362625122
4.788100719451904
4.804682970046997
4.821281909942627
4.837878227233887
4.8544676303863525
4.8710618019104
4.8876633644104
4.9042558670043945
4.920848846435547
4.9374871253967285
4.9540746212005615
4.970662832260132
4.987247705459595
5.003857374191284
5.020470857620239
5.037065029144287
5.053842067718506
5.070599794387817
5.087275981903076
5.103919982910156
5.1205103397369385
5.1371424198150635
5.153743743896484
5.170333385467529
5.186940670013428
5.203771352767944
5.220696687698364
5.238023996353149
5.255194187164307
5.272121906280518
5.288928985595703
5.305832386016846
5.322603702545166
5.339385747909546
5.356128215789795
5.372875928878784
5.38962459564209
5.406585931777954
5.423478364944458
5.440354824066162
5.457231521606445
5.474112272262573
5.490993022918701
5.507911205291748
5.5249412059783936
5.542043685913086
5.5592639446258545
5.576373815536499
5.5935587882995605
5.610412836074829
5.627152681350708
5.643864393234253
5.6610822677612305
5.6779186725616455
5.694690465927124
5.711595058441162
5.728652477264404
5.745942115783691
5.762868642807007
5.779764413833618
5.796561241149902
5.813388347625732
5.830199956893921
5.847013711929321
5.863842487335205
5.880657911300659
5.897470474243164
5.914328098297119
5.931264162063599
5.948127746582031
5.964978933334351
5.9818642139434814
5.998785495758057
6.015821695327759
6.0328874588012695
6.0497565269470215
6.066608905792236
6.0834643840789795
6.100467920303345
6.117285966873169
6.134131193161011
6.150924444198608
6.1677162647247314
6.184526443481445
6.201492786407471
6.218379020690918
6.235732316970825
6.253424167633057
