0.15468749999999998
0.193359375
0.29648437499999997
0.322265625
0.399609375
0.399609375
0.399609375
0.554296875
0.605859375
0.6574218749999999
0.708984375
0.734765625
0.79921875
0.8121093749999999
0.8121093749999999
0.8121093749999999
0.9796874999999999
1.018359375
1.018359375
1.10859375
1.134375
1.1859374999999999
1.2374999999999998
1.2503906249999999
1.276171875
1.327734375
1.353515625
1.3921875
1.4437499999999999
1.456640625
1.482421875
1.546875
1.5597656249999998
1.5984375
1.6371093749999999
1.6371093749999999
1.6886718749999998
1.72734375
1.740234375
1.740234375
1.8046875
1.843359375
1.843359375
1.843359375
1.8949218749999999
1.9464843749999998
1.9593749999999999
1.972265625
2.0109375
2.0496093749999997
2.0496093749999997
2.0496093749999997
2.0496093749999997
2.101171875
2.152734375
2.152734375
2.1785156249999997
2.2171875
2.2429687499999997
2.26875
2.26875
2.281640625
2.3074218749999997
2.3074218749999997
2.34609375
2.3718749999999997
2.4749999999999996
2.4749999999999996
2.4749999999999996
2.4749999999999996
2.4749999999999996
2.4749999999999996
2.487890625
2.513671875
2.513671875
2.55234375
2.5652343749999997
2.5652343749999997
2.5652343749999997
2.591015625
2.6296874999999997
2.6296874999999997
2.65546875
2.65546875
2.6683593749999996
2.6683593749999996
2.6683593749999996
2.6683593749999996
2.6683593749999996
2.6941406249999997
2.719921875
2.719921875
2.719921875
2.7585937499999997
2.7585937499999997
2.771484375
2.784375
2.784375
2.784375
2.784375
2.784375
2.784375
2.7972656249999996
2.8874999999999997
2.8874999999999997
2.8874999999999997
2.8874999999999997
2.8874999999999997
2.8874999999999997
2.8874999999999997
2.8874999999999997
2.8874999999999997
2.8874999999999997
2.8874999999999997
2.8874999999999997
2.8874999999999997
2.8874999999999997
2.8874999999999997
2.8874999999999997
2.8874999999999997
2.8874999999999997
2.900390625
2.900390625
2.900390625
2.900390625
2.9261718749999996
2.9261718749999996
2.9261718749999996
2.9261718749999996
2.9261718749999996
2.9261718749999996
2.9261718749999996
2.9261718749999996
2.9261718749999996
2.96484375
2.96484375
2.96484375
2.96484375
2.977734375
2.900390625
2.8874999999999997
2.8874999999999997
2.784375
2.719921875
2.6683593749999996
2.6296874999999997
2.5652343749999997
2.5265625
2.4749999999999996
2.4749999999999996
2.4749999999999996
2.4749999999999996
2.4749999999999996
2.3074218749999997
2.26875
2.26875
2.2171875
2.165625
2.152734375
2.1140624999999997
2.101171875
2.0496093749999997
2.03671875
2.0109375
1.9593749999999999
1.9593749999999999
1.93359375
1.8949218749999999
1.843359375
1.843359375
1.8304687499999999
1.8046875
1.7660156249999999
1.740234375
1.740234375
1.7015624999999999
1.6886718749999998
1.65
1.65
1.6242187499999998
1.5984375
1.5597656249999998
1.546875
1.546875
1.52109375
1.482421875
1.456640625
1.4437499999999999
1.4437499999999999
1.4437499999999999
1.3921875
1.3792968749999999
1.340625
1.327734375
1.327734375
1.3148437499999999
1.276171875
1.276171875
1.2374999999999998
1.2374999999999998
1.2374999999999998
1.2374999999999998
1.2374999999999998
1.1859374999999999
1.173046875
1.134375
1.134375
1.134375
1.10859375
1.10859375
1.069921875
1.069921875
1.044140625
1.03125
1.018359375
1.018359375
1.018359375
1.00546875
0.9796874999999999
0.9796874999999999
0.9796874999999999
0.9410156249999999
0.9410156249999999
0.9152343749999999
0.9152343749999999
0.8121093749999999
0.8121093749999999
0.8121093749999999
0.8121093749999999
0.8121093749999999
0.8121093749999999
0.8121093749999999
0.8121093749999999
0.8121093749999999
0.8121093749999999
0.8121093749999999
0.79921875
0.7734375
0.7734375
0.7734375
0.760546875
0.734765625
0.7218749999999999
0.7218749999999999
0.7218749999999999
0.7218749999999999
0.7218749999999999
0.7218749999999999
0.69609375
0.69609375
0.6703125
0.6574218749999999
0.6574218749999999
0.6574218749999999
0.6574218749999999
0.631640625
0.631640625
0.631640625
0.6187499999999999
0.6187499999999999
0.6187499999999999
0.6187499999999999
0.6187499999999999
0.6187499999999999
0.6187499999999999
0.6187499999999999
0.6187499999999999
0.5929687499999999
0.5929687499999999
0.5929687499999999
0.5671875
0.5671875
0.5671875
0.5671875
0.5671875
0.5671875
0.554296875
0.554296875
0.5285156249999999
0.5285156249999999
0.5285156249999999
0.5285156249999999
0.515625
0.515625
0.502734375
0.502734375
0.502734375
0.502734375
0.502734375
0.502734375
0.502734375
0.502734375
0.502734375
0.502734375
0.502734375
0.502734375
0.48984374999999997
0.48984374999999997
0.48984374999999997
0.48984374999999997
0.399609375
0.399609375
0.399609375
0.399609375
0.399609375
0.399609375
0.399609375
0.399609375
0.399609375
0.399609375
0.399609375
0.399609375
0.399609375
0.399609375
0.399609375
0.399609375
0.399609375
0.399609375
0.399609375
0.399609375
0.399609375
0.399609375
0.399609375
0.399609375
0.399609375
0.399609375
0.399609375
0.38671875
0.38671875
0.38671875
0.38671875
0.38671875
0.38671875
0.38671875
0.38671875
0.38671875
0.36093749999999997
0.36093749999999997
0.36093749999999997
0.36093749999999997
0.36093749999999997
0.36093749999999997
0.36093749999999997
0.36093749999999997
0.36093749999999997
0.36093749999999997
0.36093749999999997
0.36093749999999997
0.36093749999999997
0.36093749999999997
0.36093749999999997
0.36093749999999997
0.36093749999999997
0.36093749999999997
0.36093749999999997
0.36093749999999997
0.36093749999999997
0.36093749999999997
0.36093749999999997
0.36093749999999997
0.348046875
0.348046875
0.348046875
0.348046875
0.348046875
0.348046875
0.348046875
0.348046875
0.348046875
0.33515625
0.322265625
